0,
0,
0,
0,
0,
0,
0,
0,
0,
0,
0,
0,
0,
0,
0,
0,
0,
0,
0,
0,
1,
1,
1,
1,
1,
1,
1,
1,
2,
2,
2,
2,
2,
3,
3,
3,
3,
3,
4,
4,
4,
4,
4,
5,
5,
5,
6,
6,
6,
6,
7,
7,
7,
8,
8,
8,
9,
9,
9,
10,
10,
10,
11,
11,
11,
12,
12,
13,
13,
14,
14,
14,
15,
15,
16,
16,
17,
17,
18,
18,
19,
19,
20,
20,
21,
21,
22,
22,
23,
23,
24,
24,
25,
26,
26,
27,
27,
28,
29,
29,
30,
31,
31,
32,
32,
33,
34,
34,
35,
36,
37,
37,
38,
39,
39,
40,
41,
42,
42,
43,
44,
45,
45,
46,
47,
48,
49,
49,
50,
54,
57,
61,
64,
68,
72,
76,
80,
85,
89,
94,
98,
103,
108,
113,
118,
123,
128,
134,
139,
145,
151,
156,
162,
169,
175,
181,
188,
194,
201,
208,
215,
222,
229,
236,
244,
251,
259,
267,
275,
283,
291,
299,
307,
316,
325,
333,
342,
351,
360,
369,
379,
388,
398,
408,
417,
427,
437,
448,
458,
468,
479,
490,
501,
511,
522,
534,
545,
556,
568,
580,
591,
603,
615,
628,
640,
652,
665,
677,
690,
703,
716,
729,
743,
756,
770,
783,
797,
811,
825,
839,
853,
868,
882,
897,
912,
927,
942,
957,
972,
988,
1003,
1019,
1023,
1023,
1023,
1023,
1023,
1023,
1023,
1023,
1023,
1023,
1023,
1023,
1023,
1023,
1023,
1023,
1023,
1023,
1023,
1023,
1023,
1023,
1023,
1023,
1023,
1023,
1023,
1023,
1023,
1023,
1023,
1023,
1023,
1023,
1023,
1023,
1023,
1023,
1023,
1023,
1023,
1023,
1023,
1023,
1023,
1023,
1023,
1023,
1023,
1023,
1023,
1023,
1023,
1023,
1023,
1023,
1023,
1023,
1023,
1023,
1023,
1023,
1023,
1023,
1023,
1023,
1023,
1023,
1023,
1023,
1023,
1023,
1023,
1023,
1023,
1023,
1023,
1023,
1023,
1023,
1023,
1023,
1023,
1023,
1023,
1023,
1023,
1023,
1023,
1023,
1023,
1023,
1023,
1023,
1023,
1023,
1023,
1023,
1023,
1023,
1023,
1023,
1023,
1023,
1023,
1023,
1023,
1023,
1023,
1023,
1023,
1023,
1023,
1023,
1023,
1023,
1023,
1023,
1023,
1023,
1023,
1023,
1023,
1023,
1023,
1023,
1023,
1023,
1023,
1023,
1023,
1023,
1023,
1023,
1023,
1023,
1023,
1023,
1023,
1023,
1023,
1023,
1023,
1023,
1023,
1023,
1023,
1023,
1023,
1023,
1023,
1023,
1023,
1023,
1023,
1023,
1023,
1023,
1023,
1023,
1023,
1023,
1023,
1023,
1023,
1023,
1023,
1023,
1023,
1023,
1023,
1023,
1023,
1023,
1023,
1023,
1023,
1023,
1023,
1023,
1023,
1023,
1023,
1023,
1023,
1023,
1023,
1023,
1023,
1023,
1023,
1023,
1023,
1023,
1023,
1023,
1023,
1023,
1023,
1023,
1023,
1023,
1023,
1023,
1023,
1023,
1023,
1023,
1023,
1023,
1023,
1023,
1023,
1023,
1023,
1023,
1023,
1023,
1023,
1023,
1023,
1023,
1023,
1023,
1023,
1023,
1023,
1023,
1023,
1023,
1023,
1023,
1023,
1023,
1023,
1023,
1023,
1023,
1023,
1023,
1023,
1023,
1023,
1023,
1023,
1023,
1023,
1023,
1023,
1023,
1023,
1023,
1023,
1023,
1023,
1023,
1023,
1023,
1023,
1023,
1023,
1023,
1023,
1023,
1023,
1023,
1023,
1023,
1023,
1023,
1023,
1023,
1023,
1023,
1023,
1023,
1023,
1023,
1023,
1023,
1023,
1023,
1023,
1023,
1023,
1023,
1023,
1023,
1023,
1023,
1023,
1023,
1023,
1023,
1023,
1023,
1023,
1023,
1023,
1023,
1023,
1023,
1023,
1023,
1023,
1023,
1023,
1023,
1023,
1023,
1023,
1023,
1023,
1023,
1023,
1023,
1023,
1023,
1023,
1023,
1023,
1023,
1023,
1023,
1023,
1023,
1023,
1023,
1023,
1023,
1023,
1023,
1023,
1023,
1023,
1023,
1023,
1023,
1023,
1023,
1023,
1023,
1023,
1023,
1023,
1023,
1023,
1023,
1023,
1023,
1023,
1023,
1023,
1023,
1023,
1023,
1023,
1023,
1023,
1023,
1023,
1023,
1023,
1023,
1023,
1023,
1023,
1023,
1023,
1023,
1023,
1023,
1023,
1023,
1023,
1023,
1023,
1023,
1023,
1023,
1023,
1023,
1023,
1023,
1023,
1023,
1023,
1023,
1023,
1023,
1023,
1023,
1023,
1023,
1023,
1023,
1023,
1023,
1023,
1023,
1023,
1023,
1023,
1023,
1023,
1023,
1023,
