0,
118,
164,
200,
229,
255,
278,
300,
320,
338,
356,
372,
388,
442,
489,
532,
571,
612,
650,
686,
720,
752,
783,
812,
841,
868,
895,
920,
945,
970,
993,
1016,
1039,
1061,
1082,
1247,
1392,
1521,
1640,
1750,
1853,
1950,
2043,
2130,
2214,
2301,
2385,
2465,
2543,
2618,
2691,
2761,
2830,
2897,
2963,
3027,
3089,
3151,
3210,
3269,
3327,
3383,
3905,
4360,
4726,
5063,
5377,
5672,
5952,
6218,
6473,
6717,
6951,
7178,
7397,
7609,
7815,
8015,
8210,
8400,
8585,
8902,
9207,
9502,
9787,
10063,
10331,
10592,
10846,
11094,
11336,
11573,
11804,
12031,
14688,
16904,
20159,
22924,
25367,
27579,
29613,
31507,
33284,
35136,
36889,
38555,
40147,
41673,
43141,
44557,
45925,
47251,
48538,
49788,
51006,
52193,
53351,
54483,
55589,
56673,
57734,
58775,
59796,
60798,
61783,
62752,
63704,
64641,
65535,
65535,
65535,
65535,
65535,
65535,
65535,
65535,
65535,
65535,
65535,
65535,
65535,
65535,
65535,
65535,
65535,
65535,
65535,
65535,
65535,
65535,
65535,
65535,
65535,
65535,
65535,
65535,
65535,
65535,
65535,
65535,
65535,
65535,
65535,
65535,
65535,
65535,
65535,
65535,
65535,
65535,
65535,
65535,
65535,
65535,
65535,
65535,
65535,
65535,
65535,
65535,
65535,
65535,
65535,
65535,
65535,
65535,
65535,
65535,
65535,
65535,
65535,
65535,
65535,
65535,
65535,
65535,
65535,
65535,
65535,
65535,
65535,
65535,
65535,
65535,
65535,
65535,
65535,
65535,
65535,
65535,
65535,
65535,
65535,
65535,
65535,
65535,
65535,
65535,
65535,
65535,
65535,
65535,
65535,
65535,
65535,
65535,
65535,
65535,
65535,
65535,
65535,
65535,
65535,
65535,
65535,
65535,
65535,
65535,
65535,
65535,
65535,
65535,
65535,
65535,
65535,
65535,
65535,
65535,
65535,
65535,
65535,
65535,
65535,
65535,
65535,
65535,
65535,
65535,
65535,
65535,
65535,
65535,
65535,
65535,
65535,
65535,
65535,
65535,
65535,
65535,
65535,
65535,
65535,
65535,
65535,
65535,
65535,
65535,
65535,
65535,
65535,
65535,
65535,
65535,
65535,
65535,
65535,
65535,
65535,
65535,
65535,
65535,
65535,
65535,
65535,
65535,
65535,
65535,
65535,
65535,
65535,
65535,
65535,
65535,
65535,
65535,
65535,
65535,
65535,
65535,
65535,
65535,
65535,
65535,
65535,
65535,
65535,
65535,
65535,
65535,
65535,
65535,
65535,
65535,
65535,
65535,
65535,
65535,
65535,
65535,
65535,
65535,
65535,
65535,
65535,
65535,
65535,
65535,
65535,
65535,
65535,
65535,
65535,
65535,
65535,
65535,
65535,
65535,
65535,
65535,
65535,
65535,
65535,
65535,
65535,
65535,
65535,
65535,
65535,
65535,
65535,
65535,
65535,
65535,
65535,
65535,
65535,
65535,
65535,
65535,
65535,
65535,
65535,
65535,
65535,
65535,
65535,
65535,
65535,
65535,
65535,
65535,
65535,
65535,
65535,
65535,
65535,
65535,
65535,
65535,
65535,
65535,
65535,
65535,
65535,
65535,
65535,
65535,
65535,
65535,
65535,
65535,
65535,
65535,
65535,
65535,
65535,
65535,
65535,
65535,
65535,
65535,
65535,
65535,
65535,
65535,
65535,
65535,
65535,
65535,
65535,
65535,
65535,
65535,
65535,
65535,
65535,
65535,
65535,
65535,
65535,
65535,
65535,
65535,
65535,
65535,
65535,
65535,
65535,
65535,
65535,
65535,
65535,
65535,
65535,
65535,
65535,
65535,
65535,
65535,
65535,
65535,
65535,
65535,
65535,
65535,
65535,
65535,
65535,
65535,
65535,
65535,
65535,
65535,
65535,
65535,
65535,
65535,
65535,
65535,
65535,
65535,
65535,
65535,
65535,
65535,
65535,
65535,
65535,
65535,
65535,
65535,
65535,
65535,
65535,
65535,
65535,
65535,
65535,
65535,
65535,
65535,
65535,
65535,
65535,
65535,
65535,
65535,
65535,
65535,
65535,
65535,
65535,
65535,
65535,
65535,
65535,
65535,
65535,
65535,
65535,
65535,
65535,
65535,
65535,
65535,
65535,
65535,
65535,
65535,
65535,
65535,
65535,
65535,
65535,
65535,
65535,
65535,
65535,
65535,
65535,
65535,
65535,
65535,
65535,
65535,
65535,
65535,
65535,
65535,
65535,
65535,
65535,
65535,
65535,
65535,
65535,
65535,
65535,
65535,
65535,
65535,
65535,
65535,
65535,
65535,
65535,
65535,
65535,
65535,
65535,
65535,
65535,
65535,
65535,
65535,
65535,
65535,
65535,
65535,
65535,
65535,
65535,
65535,
65535,
65535,
65535,
65535,
65535,
65535,
65535,
65535,
65535,
65535,
65535,
65535,
65535,
65535,
65535,
65535,
65535,
65535,
65535,
65535,
65535,
65535,
65535,
65535,
65535,
65535,
65535,
65535,
65535,
65535,
65535,
65535,
65535,
65535,
65535,
65535,
65535,
65535,
65535,
65535,
65535,
65535,
65535,
65535,
65535,
65535,
65535,
65535,
65535,
65535,
65535,
65535,
65535,
65535,
65535,
65535,
65535,
65535,
65535,
65535,
65535,
65535,
65535,
65535,
65535,
