0
0
0
0
0
0
0
0
0
0
0
0
0
0
0
0
0
0
0
0
0
0
0
0
0
0
0
0
1
1
1
1
1
1
1
1
1
1
1
1
1
1
1
1
1
1
2
2
2
2
2
2
2
2
2
2
2
2
2
3
3
3
3
3
3
3
3
3
3
4
4
4
4
4
4
4
4
4
5
5
5
5
5
5
5
5
6
6
6
6
6
6
6
7
7
7
7
7
7
7
8
8
8
8
8
8
9
9
9
9
9
9
10
10
10
10
10
11
11
11
11
11
11
12
12
12
12
12
13
14
14
15
16
17
18
19
20
21
22
23
25
26
27
28
30
31
32
34
35
36
38
39
41
42
44
45
47
49
50
52
54
56
57
59
61
63
65
67
69
71
73
75
77
79
81
83
86
88
90
92
95
97
100
102
104
107
109
112
115
117
120
123
125
128
131
134
136
139
142
145
148
151
154
157
160
163
166
169
173
176
179
182
186
189
192
196
199
203
206
210
213
217
221
224
228
232
236
239
243
247
251
255
259
263
267
271
275
279
283
287
291
296
300
304
309
313
317
322
326
331
335
340
344
349
354
358
363
368
372
377
382
387
392
397
402
407
412
417
422
427
432
437
443
448
453
459
464
469
475
480
486
491
497
502
508
514
519
525
531
536
542
548
554
560
566
572
578
584
590
596
602
608
614
621
627
633
640
646
652
659
665
672
678
685
691
698
705
711
718
725
732
738
745
752
759
766
773
780
787
794
801
808
816
823
830
837
845
852
859
867
874
882
889
897
904
912
920
927
935
943
951
958
966
974
982
990
998
1006
1014
1022
1030
1038
1047
1055
1063
1071
1080
1088
1096
1105
1113
1122
1130
1139
1147
1156
1165
1173
1182
1191
1200
1208
1217
1226
1235
1244
1253
1262
1271
1280
1289
1298
1308
1317
1326
1335
1345
1354
1363
1373
1382
1392
1401
1411
1420
1430
1440
1449
1459
1469
1479
1489
1498
1508
1518
1528
1538
1548
1558
1568
1579
1589
1599
1609
1619
1630
1640
1650
1661
1671
1682
1692
1703
1713
1724
1735
1745
1756
1767
1778
1788
1799
1810
1821
1832
1843
1854
1865
1876
1887
1898
1910
1921
1932
1943
1955
1966
1977
1989
2000
2012
2023
2035
2046
2058
2070
2081
2093
2105
2117
2129
2141
2152
2164
2176
2188
2200
2212
2225
2237
2249
2261
2273
2286
2298
2310
2323
2335
2348
2360
2373
2385
2398
2410
2423
2436
2449
2461
2474
2487
2500
2513
2526
2539
2552
2565
2578
2591
2604
2617
2631
2644
2657
2670
2684
2697
2711
2724
2738
2751
2765
2778
2792
2806
2819
2833
2847
2861
2874
2888
2902
2916
2930
2944
2958
2972
2986
3001
3015
3029
3043
3058
3072
3086
3101
3115
3130
3144
3159
3173
3188
3202
3217
3232
3247
3261
3276
3291
3306
3321
3336
3351
3366
3381
3396
3411
3426
3442
3457
3472
3487
3503
3518
3533
3549
3564
3580
3595
3611
3627
3642
3658
3674
3690
3705
3721
3737
3753
3769
3785
3801
3817
3833
3849
3865
3881
3898
3914
3930
3947
3963
3979
3996
4012
4029
4045
4062
4078
4095
4095
4095
4095
4095
4095
4095
4095
4095
4095
4095
4095
4095
4095
4095
4095
4095
4095
4095
4095
4095
4095
4095
4095
4095
4095
4095
4095
4095
4095
4095