-0.735643982887268 118.49893951416 -1.28244304656982 
-0.371284008026123 112.844589233398 -1.23208200931549 
0.146345004439354 113.977333068848 -1.41117000579834 
1.21209704875946 118.511428833008 -1.24542796611786 
0.588726997375488 118.240676879883 -1.23194599151611 
0.538407981395721 117.896553039551 -1.01316201686859 
0.428676009178162 117.390678405762 -1.0670679807663 
10.8076229095459 124.307807922363 0.505550026893616 
11.912561416626 118.679206848145 -0.345416992902756 
-1.95647704601288 124.205619812012 -0.736455976963043 
12.1957235336304 125.838600158691 3.61731791496277 
10.9294691085815 124.244041442871 -0.357026010751724 
4.87437295913696 117.678550720215 -1.35541296005249 
-6.4903769493103 108.228652954102 -1.34276700019836 
-3.10279202461243 106.544418334961 -1.18095195293427 
-1.95647704601288 124.205619812012 -0.736455976963043 
25.3527679443359 87.2142105102539 -0.609075009822845 
28.4587211608887 97.2635269165039 -1.13751995563507 
10.5864429473877 124.225952148438 -0.36285999417305 
0.517792999744415 117.353942871094 -1.08194398880005 
35.5258407592773 104.687980651855 -0.4443039894104 
18.2741012573242 116.48299407959 -1.33357298374176 
10.5311937332153 124.446228027344 0.596647977828979 
10.2771625518799 117.208129882813 -1.03361594676971 
0.151613995432854 87.5810394287109 -1.6131409406662 
37.1317672729492 94.2598342895508 -1.26318001747131 
1.08170902729034 121.745330810547 -0.487120985984802 
32.6241722106934 111.279823303223 -1.62372303009033 
16.4206962585449 116.611511230469 -1.11936497688293 
-0.531284987926483 111.029075622559 -1.3778749704361 
-5.79919719696045 107.691795349121 -1.45596599578857 
25.7621841430664 108.580642700195 2.48623490333557 
4.77977609634399 116.187355041504 -1.33204400539398 
35.356086730957 108.262855529785 -1.36981701850891 
14.3969831466675 117.264213562012 2.66514706611633 
37.0879211425781 97.7861022949219 -0.0518000014126301 
-3.21808791160583 107.140594482422 -1.45420002937317 
-7.02752590179443 76.7438278198242 -1.18004298210144 
-1.58401000499725 123.663345336914 2.40460109710693 
12.8191652297974 116.927604675293 -0.941609978675842 
-11.8847560882568 107.388214111328 1.13493597507477 
8.70178031921387 120.10523223877 2.23018503189087 
5.27978610992432 117.597511291504 -1.3336089849472 
28.8322811126709 103.781967163086 3.85278511047363 
-14.0258159637451 119.965286254883 -1.1122260093689 
-8.94380283355713 95.1549377441406 0.748600006103516 
9.10630226135254 82.0355377197266 0.0602540001273155 
34.2375183105469 108.22688293457 -1.11224699020386 
18.9637050628662 117.387016296387 2.35529804229736 
-8.60521030426025 90.0763702392578 -0.678574025630951 
