481.082855224609 239.48486328125 
835.745300292969 417.239776611328 
704.084533691406 329.222076416016 
599.422424316406 230.061584472656 
562.309997558594 231.637344360352 
573.248657226563 228.79866027832 
580.612548828125 226.269775390625 
760.487487792969 176.166442871094 
921.536071777344 187.172225952148 
432.677001953125 216.078918457031 
769.508728027344 83.4472579956055 
759.576599121094 189.237701416016 
772.973205566406 226.409606933594 
178.066299438477 209.282119750977 
954.115112304688 224.099700927734 
456.648040771484 221.531799316406 
80.9303436279297 144.781646728516 
1193.89331054688 173.741073608398 
755.7666015625 191.025466918945 
585.595886230469 231.170013427734 
953.002014160156 217.400344848633 
1099.88134765625 217.799713134766 
724.5859375 191.855728149414 
73.1714324951172 218.689437866211 
92.2100982666016 216.813598632813 
1035.98132324219 166.615539550781 
117.52465057373 202.919860839844 
1205.41796875 79.5354232788086 
1028.11047363281 522.247619628906 
195.28987121582 197.13200378418 
588.956298828125 259.891082763672 
1177.21850585938 84.0499954223633 
93.7956390380859 140.438705444336 
70.7837753295898 204.295349121094 
347.134399414063 105.09400177002 
1113.19787597656 178.955474853516 
153.635299682617 190.400665283203 
860.917846679688 189.916778564453 
935.803955078125 102.33805847168 
1118.81176757813 73.8378219604492 
1101.53063964844 69.7722702026367 
833.810119628906 78.9746017456055 
1185.76000976563 91.0528030395508 
411.621856689453 200.906539916992 
1174.4443359375 164.537673950195 
408.684631347656 200.802703857422 
288.687103271484 192.446228027344 
1116.45983886719 156.502716064453 
268.412384033203 136.238693237305 
1015.86950683594 166.721038818359 
