-277 -1301 582 1404 67 -1537 702 1665 -192 -792 529 907 -47 -202 293 307 -2 1511 2165 3609 115 3891 2067 6877 -623 2030 2224 4614 -407 471 1574 1726 146 1591 1049 3937 -279 1219 1447 6561 -1223 1645 1728 6044 -468 1384 757 2807 31 50 62 378 -262 357 318 1464 -179 854 333 2637 -195 788 285 1453  
-95 125 260 207 412 169 1072 542 -30 -115 3144 2223 21 206 1251 810 -14 -214 407 465 1291 2387 3529 4181 -1188 1237 3334 4007 1576 988 2112 1581 975 525 1165 1046 1394 -85 5647 5168 -820 403 3591 3099 1862 1537 2195 1692 1795 1680 2924 1969 -1470 1687 3928 3683 1625 1283 2127 1607 222 415 2021 1434  
-167 -11 343 391 196 -489 381 670 58 -473 325 601 -74 -65 245 224 406 1849 1984 3568 -78 4655 2227 7037 -1035 2167 2427 4797 -551 492 1860 2310 306 1092 980 3856 -223 412 1425 6456 -1358 1926 1977 4661 -403 1571 694 2556 -51 336 90 569 -414 595 438 2156 -321 725 372 3438 -156 664 275 2283  
130 233 941 697 -321 953 2423 1899 -37 486 960 1086 1280 1282 1583 1897 -636 16 1765 773 1522 544 5187 5123 -49 3035 3857 6441 391 -1165 1908 3380 -544 546 1134 1629 2148 -830 3226 3181 -154 -1440 3870 5590 -1265 -224 2056 1602 -673 -48 1269 849 73 -378 930 892 289 -857 2019 1919 -494 -376 1186 810  
-424 -657 508 841 -1621 -2488 1711 2647 -277 -1336 1877 2428 711 24 1595 2729 -410 358 2318 4163 -878 3149 1976 6253 300 2018 2071 4333 -638 -582 2039 2101 808 -1393 2632 4258 -2047 -2746 3351 5488 -103 -1188 2065 4242 -668 17 1127 1311 -374 -472 755 1055 -176 -519 642 839 358 -167 549 937 -63 -100 379 544  
-179 128 373 571 -34 -96 379 618 622 1102 1479 1827 -237 1056 565 1249 -176 1654 2032 2945 192 3677 2898 4433 1076 1248 4091 4623 -737 -379 1549 2608 948 -156 1714 2982 -124 -204 3983 7170 -2898 -1712 3916 4309 -380 -655 682 1633 377 -1148 877 1358 -596 -2181 1390 2608 -342 -785 634 997 45 -242 204 395  
26 -46 164 274 -457 -1028 595 1288 -844 -1676 1498 2857 -609 166 1102 2748 -556 -1178 1016 2213 -524 304 2150 5022 683 89 4275 6386 -111 -872 2473 4239 452 1568 1779 3112 -1439 -918 3161 5408 -2329 -1487 3159 3667 -187 -1277 1106 1677 -978 -1788 1718 2359 -725 -1942 1171 2282 -46 -638 554 954 -41 45 211 269  
-158 -144 242 274 42 162 385 544 706 1356 1038 1783 1313 1627 1570 1994 95 304 609 643 406 1662 1554 2722 2949 754 4087 4365 -341 -1325 1798 2952 1458 1532 2071 2999 -438 1141 3821 6428 -634 -227 4528 5716 993 1070 1670 2447 61 -1062 726 2012 841 -452 2122 3857 1091 1363 1831 2336 159 220 308 432  
220 195 241 270 107 252 330 584 -299 437 504 765 -29 261 301 549 328 188 814 704 1322 2709 2210 3875 10 4540 1670 5705 1285 3844 1770 4765 1036 -313 1446 853 1864 -2027 3786 4933 2423 -1102 3237 5849 678 -687 1021 3020 211 -70 357 328 456 -517 970 999 317 -2115 1246 2681 725 -1659 1021 2045  
-116 56 286 400 -542 519 607 601 135 363 423 370 -51 140 289 244 -1038 2623 2066 3447 -845 3277 1475 4998 184 3918 1745 4342 -222 1448 921 1553 1356 -61 2315 2851 58 3465 1835 5696 -826 3622 2678 4736 -1621 2533 2325 2615 1269 -1546 1316 1871 1545 -2088 1737 2146 848 -1028 1337 1680 -407 758 893 1221  
-181 -20 230 202 141 -256 186 307 165 -472 238 548 29 -207 182 231 -352 2302 1803 2569 -484 3478 1824 4064 104 2953 1343 3326 -26 1272 571 1449 729 -173 2594 3853 647 1129 2826 7239 -3331 854 4969 5890 -125 -271 1527 2866 14 606 548 1949 9 75 727 3346 -935 257 1265 2724 -141 769 429 1124  
-110 21 414 281 -325 -254 483 324 631 -834 991 933 -144 -406 393 510 -681 1831 2342 2842 932 1795 3010 4484 -862 1222 2579 4420 20 -234 1533 1800 -2125 -564 4784 4675 98 -1033 4093 4497 -986 -673 2605 4524 -83 33 1243 2171 -293 1149 427 2041 -43 2732 557 3207 122 2805 575 3749 -63 1918 406 2630  
-128 53 230 223 -164 189 256 471 414 686 559 1200 420 1250 1147 1516 326 215 615 1048 1644 3093 2582 4084 1950 3866 3009 5822 -1209 264 3006 3702 -409 1686 2585 3495 1081 -1330 3344 5555 -349 -1879 2070 4809 -72 88 1221 2817 -99 85 1372 2845 703 1471 1293 3028 462 1217 674 1772 -3 280 381 783  
-263 79 460 580 -378 357 496 596 6 263 516 325 -56 166 251 282 -1350 3408 1940 4370 -246 5718 2217 6695 -1353 3682 2085 3771 -352 713 976 1047 1073 -591 1629 2306 -56 1686 1708 3385 -2479 3289 3396 3509 -1453 1993 1977 2124 1271 -1003 1550 1256 1490 -1363 1860 1982 -43 529 1251 1654 -645 1225 1583 1345  
232 188 1841 1861 -830 -229 1448 1158 414 -80 632 701 -31 -24 397 580 -341 822 4528 4278 -668 2470 3722 4583 -261 4053 2688 5336 -511 559 1628 1847 -150 -923 2798 3091 1065 -1951 3702 3709 359 -1359 4142 4364 -1271 371 2417 1621 -293 -606 957 1311 129 -486 770 978 381 -1531 1601 1802 245 -653 1305 1226  
24 -759 42 910 -34 -1296 82 1563 -78 -1486 101 1724 -65 -1058 79 1235 -531 485 1257 3319 706 523 1707 6600 -1628 1367 2125 6619 -541 -693 792 2679 -1196 -1403 2154 3055 1738 -2355 3770 4622 -439 -2575 3153 5796 -621 14 1724 3451 57 -445 450 676 21 -353 560 679 206 -663 660 1092 209 -222 753 1261  
-164 223 227 263 78 128 337 413 -173 187 418 563 33 6 136 184 498 975 1306 1556 1419 4215 2344 5642 -1461 3570 2861 4724 -768 1061 1022 1287 144 36 2593 2842 1113 -3194 4212 5932 -1019 -1160 3599 4765 -764 399 1563 2394 -383 -961 1206 1269 402 -1197 1190 1471 609 -1485 2374 2509 -446 -633 1208 1751  
142 57 272 375 -158 -64 269 379 57 -147 252 331 139 -359 516 760 147 109 462 566 604 2107 1794 2658 -301 2106 1335 2528 33 727 463 1036 2218 1869 2404 2875 272 3144 4546 7588 -1458 1778 2480 4782 -1082 457 1699 3211 808 -348 2145 2489 -420 -2982 2832 4195 -724 -1617 2624 3709 -879 -310 1183 2181  
-68 -13 340 502 207 -357 362 832 24 12 421 595 -58 154 345 429 388 2294 1661 5048 -1687 3037 3483 6702 -613 854 2815 4435 -422 137 1878 1865 174 669 726 3973 -1410 1336 1974 5858 -617 2523 1106 4586 -304 1698 541 2477 -229 300 255 891 -391 675 406 3007 -177 952 388 3614 -303 816 368 2121  
216 -695 1769 1170 -409 -1810 1327 2532 -536 -1450 1119 2745 -107 -1301 704 1835 -234 1256 1319 2014 845 1709 2717 4745 -1760 516 3003 3018 139 227 1627 1258 751 978 5456 3298 -2438 -484 6455 4863 -847 -940 2003 2094 83 209 995 824 229 -1043 2132 1782 -1203 1348 4163 2766 -428 815 1653 1272 82 305 562 444  
-102 576 630 826 1100 551 1621 1250 1484 41 3135 3068 -1076 -369 1367 1659 346 171 3196 2747 1043 2993 4318 6160 -1267 -1219 2938 4197 -720 -1146 1027 1425 1361 -515 2039 1652 -68 -2235 3864 5775 -1667 28 4792 3616 -494 125 1231 671 -164 479 832 758 -31 -311 823 1116 -467 -867 1907 1808 -99 -122 501 350  
-421 124 882 632 -793 -522 1020 720 -93 484 936 1146 843 210 1378 1087 -436 376 1906 2319 115 2873 3005 6956 -1288 1938 3706 4758 -649 -1385 1878 2194 -920 -1307 1843 2240 1878 -1990 4366 5246 -3187 -2225 4424 3746 -496 -256 692 576 -43 213 562 997 -237 -317 1979 2265 -615 335 1430 1039 -484 723 689 732  
-169 22 227 179 34 -209 139 264 83 -175 132 355 64 -13 146 227 501 1359 1255 1878 84 4224 2284 4537 825 4959 2620 5439 -259 1155 1414 2859 1116 -130 2327 3631 490 -809 2718 5624 -591 -1783 2434 6160 -1510 -185 2170 2265 194 805 459 2083 94 900 460 2756 9 996 281 2589 -10 981 207 1345  
-546 -635 937 1462 431 -1576 996 2144 415 -1988 1290 2373 -13 -1515 1145 1775 16 -468 529 865 887 200 1636 2119 -575 272 1764 2027 -224 -591 706 857 317 1149 2021 2322 555 2058 3527 5079 -1197 1836 2495 4827 -204 1056 1071 1571 -1124 139 3349 2408 838 -1747 2680 3578 2041 -97 3692 6465 -1239 1922 2802 3507  
-1480 513 1671 985 231 -523 884 1024 437 -890 790 1485 812 -1471 1039 1654 -1969 638 3568 2040 127 2986 2953 5032 -1240 1055 2376 2675 20 -206 601 670 1478 481 6113 3058 -2150 365 5959 4718 -1502 256 3186 3237 -290 34 728 447 197 -1161 2979 2804 -738 -1374 2194 2142 -686 -175 1148 1099 -163 135 574 615  
111 -329 158 1631 131 -906 203 2236 106 -1264 178 1962 27 -946 73 1145 -148 -1288 379 1523 1986 -106 2477 3572 272 2712 1220 5263 -240 1307 1119 3161 -443 99 1199 2927 2155 -1758 4057 5185 -550 -4619 3182 6998 -201 -2565 2324 3826 -186 -541 473 839 -143 -919 539 1169 -242 -736 498 1111 154 -485 406 684  
-245 -1119 740 1305 -220 -765 741 1282 -38 16 738 624 356 -39 753 334 1236 1133 2162 2596 288 4424 2439 5564 -1155 2505 1936 3191 -432 420 1103 910 2003 2143 4033 4077 -1223 -1869 3909 6073 -1900 -1706 2128 3112 -732 -319 808 1045 -1310 354 3249 3519 -1719 -935 2198 2621 -306 -38 536 1500 -404 65 437 718  
-255 1549 987 1739 -178 952 1325 1547 223 1967 1624 2307 -120 1781 875 1944 536 -1298 2353 4346 -758 -153 3881 6436 1574 -735 3687 5653 324 -459 1593 3766 304 1599 430 3686 -110 2573 605 5404 224 1980 908 4530 -61 831 404 2854 15 46 37 340 12 102 56 515 -34 205 58 556 -158 32 181 658  
-185 -182 281 403 60 -32 330 345 525 277 753 1056 1121 1130 1317 1813 -412 166 785 1067 1477 2416 2245 2880 789 3230 3316 4687 374 -985 2451 3194 569 400 1598 3147 1577 -1493 2886 6274 -1322 -1575 4295 6466 910 1227 2243 2834 -351 -512 851 1233 991 179 1452 2728 1489 1470 1856 2618 239 288 396 515  
-77 210 333 343 -125 261 302 318 -25 52 489 491 -58 -87 185 175 65 654 999 1413 1367 3058 2132 3700 -373 4493 1950 5171 -980 1312 1401 1719 -323 672 1849 2605 1809 -1486 5021 5971 -488 -1067 3890 5951 -1230 804 1798 2192 -201 -1190 1273 1506 -8 -1582 1573 1839 1149 -1833 2273 2676 -262 -814 1407 1827  
170 233 214 475 351 743 666 1015 66 -48 403 666 -171 -161 282 381 659 1247 869 2128 -368 510 2125 3508 2115 1292 3168 4446 -1236 1182 2787 3807 116 -648 478 4811 -121 -633 1078 7485 960 -994 1504 7492 -583 -847 1289 4916 -27 -413 105 900 132 -776 174 1698 113 -926 199 1820 27 -701 115 1251  
77 -251 126 339 111 -320 286 376 81 -133 374 445 -162 -14 297 305 366 3215 1631 3731 -102 2880 1626 4455 108 2835 3764 5042 -354 500 2506 2202 -1568 -139 3278 5205 -2145 -493 4096 4810 -45 -1186 2094 4309 -790 393 1382 1792 -240 411 452 2402 -294 2215 676 2704 -41 2343 231 2462 -45 1415 161 1557  
-86 -196 266 291 -239 41 382 303 -106 -93 177 290 140 -27 175 305 54 330 581 681 734 626 1209 1836 916 3922 2565 4309 1402 3366 1875 3960 -268 2509 2326 3590 452 1612 4138 5701 1113 -1278 3124 5674 -173 -1562 1340 3455 377 -720 1109 3174 -1 881 1691 4325 550 1293 946 2985 202 839 386 1419  
153 106 369 460 -195 471 321 518 249 827 503 1108 174 1218 753 1444 255 502 499 1158 664 1408 1583 2947 3539 2959 4443 5457 -683 998 2515 4333 1130 90 1553 2034 46 1061 2882 4310 -460 -3273 4894 5470 359 -2690 2328 3781 284 -662 605 884 79 -2007 1459 2547 -758 -832 1420 1444 170 -445 351 621  
556 -63 726 1125 -318 1132 1773 2302 -447 1021 790 1271 658 610 1123 952 867 979 1557 2999 1157 1499 3016 4666 77 4018 3297 5378 -196 1338 2998 3330 520 -1108 879 1603 1669 -2181 2540 3663 267 -3482 3243 6779 -1602 -1807 2065 2770 -29 -146 172 321 247 -791 670 1082 -54 -964 702 1308 -69 -297 249 426  
-349 -1395 743 1425 -242 -1127 735 1283 133 -913 450 1087 -146 -279 266 350 -83 502 738 1085 -179 1795 1313 2406 403 2633 1102 3537 384 1246 732 1966 -372 807 2684 4977 1411 1327 2936 7106 -737 1031 2997 8165 -799 543 1840 3042 103 912 392 2313 152 1164 361 2908 -278 483 459 3135 -230 504 354 2125  
-614 268 1182 1013 376 -766 1122 1573 1962 -872 2340 1778 884 -461 1600 1622 -1211 267 1687 1404 1521 1824 2539 4544 872 744 2993 5526 3107 454 3282 2435 -1528 -487 2266 2005 1218 -1398 2189 3757 -16 105 2944 4575 3588 270 3929 2987 -658 -342 1160 1157 368 -503 950 936 2754 431 3053 2007 1574 675 1679 1399  
-40 -225 343 591 105 -212 684 1474 -379 -38 731 2002 -75 -656 348 922 114 3795 474 3850 -123 5400 1693 5581 -2226 1753 2958 2858 -429 440 700 959 237 1427 478 2707 -3067 1068 3544 3809 -4282 81 4704 2558 -518 447 714 1244 510 -1150 1004 1448 -2021 -1636 2361 2410 -1055 728 2814 2484 -939 719 1309 1140  
365 -65 480 419 -151 -96 748 1193 145 -428 1463 1348 7 259 731 722 274 -203 762 854 1387 2880 3040 5068 -325 2225 3190 3470 -41 684 2604 1634 1260 1751 2180 3451 2075 -558 4054 6691 -3152 -311 4449 3659 -547 -1045 2511 2043 -823 -225 1797 2869 -670 -1709 1312 2346 -225 -1500 1493 1950 98 644 1171 1305  
213 -40 371 571 37 234 565 820 1549 2221 1715 2905 -55 1895 1472 2500 489 1097 657 1392 855 2596 1935 4266 2174 -1081 5104 6323 -310 -1991 2569 4389 1114 -1041 1452 2007 388 -2353 2777 4712 -2053 -2722 4029 3775 274 -1692 1207 2082 30 -169 334 485 88 -752 600 1510 -206 84 774 1125 86 476 196 622  
574 -2300 695 2634 1018 -4236 1039 4404 689 -4113 795 4560 657 -2109 785 2531 -975 960 1982 2300 661 382 3021 3184 521 344 1237 5282 879 -179 970 3451 191 -1134 1657 1997 208 -1117 3237 2360 191 -1925 1806 4315 407 -1943 917 3723 485 234 751 742 -96 967 2432 2163 -812 -87 1650 1899 -109 -82 805 740  
-22 -669 602 916 -585 -1152 1739 1424 -201 -389 1465 947 1728 -557 1812 1117 -601 -118 949 2158 114 272 2663 2689 435 2626 1571 3905 494 933 1329 2336 -727 2441 1150 4519 122 3717 2126 6525 241 1637 1861 5958 -228 235 722 2216 -264 1392 498 1994 -578 2599 746 3600 -778 2868 909 3761 -565 1794 598 2145  
120 267 204 347 -351 548 458 738 -164 587 299 625 91 252 286 309 556 1145 843 1602 -385 2905 1311 3801 502 3851 1541 5350 1357 3518 2089 3859 1232 -715 2213 3042 1836 453 3111 6160 1243 2304 1594 5248 304 443 949 1858 328 -444 667 711 861 -2241 1551 2968 1060 -3179 1482 3315 173 -1347 940 1543  
-163 1689 2222 2614 -451 -969 1624 2929 298 -57 1018 1735 109 -264 573 1215 238 -1495 4597 4846 -1117 2981 4303 5048 98 1571 3422 4554 -627 307 1297 1797 1360 33 1922 1483 586 -122 3943 3047 -2232 -1339 4085 3489 -655 -1269 1364 1998 107 -177 1227 789 633 -538 1617 1450 -1648 362 1956 1552 -316 375 555 599  
25 80 110 190 -595 -900 738 1242 -1519 -2423 1821 2716 31 -316 1647 2399 -1108 -1647 1407 2353 -1991 -1096 2473 5599 -395 1088 1594 3547 893 209 2173 2504 1100 87 2760 4354 -879 691 3251 6609 -1358 -547 2516 5966 -742 -330 1588 2124 -626 -659 1471 1706 -437 -1798 1361 2165 66 -678 940 1291 -80 -155 678 949  
-76 -606 349 740 -107 -726 520 867 3 445 611 1483 21 184 273 587 -487 1403 1023 1834 813 1991 2243 2493 1605 2576 3599 3629 -916 1420 1621 2550 339 1750 2283 3421 186 4400 4448 5820 -1691 -762 3911 4744 -678 -1295 958 2161 700 -994 1305 1986 -1173 -2807 2637 4404 -1051 -1188 1455 1691 -42 -124 296 617  
-212 -565 639 726 -579 -988 2004 1220 -130 -385 1084 828 288 -237 426 618 -902 222 1297 2007 706 759 3337 2673 281 3446 1487 4488 91 2179 1263 2541 -897 2228 1218 4004 923 2798 2200 5376 866 84 1721 6319 6 -653 776 2470 -278 1675 474 2989 -359 2645 587 4702 -498 2060 762 3997 -283 1016 414 2030  
-81 489 582 1143 -290 311 533 797 440 186 929 686 404 962 1063 1370 919 963 1693 2915 -257 3158 3006 4847 557 3971 3691 4902 -92 -174 2227 2868 598 -397 1172 2511 1698 -798 2908 4458 -1610 -2245 4187 6783 -1324 -1070 1758 1950 33 -597 294 678 291 -1708 1281 2014 -515 -1413 1000 1727 -78 -281 248 372  
340 95 529 481 -180 -552 1184 1541 -69 -669 984 1359 -444 -106 714 947 128 1451 605 2033 -1043 2843 2204 4363 1514 3559 2303 4614 799 3458 1329 3968 887 3042 1025 3312 240 5183 1597 5335 821 4859 1306 5010 327 1711 492 2006 197 523 485 761 110 159 899 1603 -227 253 702 1647 -82 -125 288 1054  
-474 1344 621 1360 -3 626 626 892 -262 178 741 970 45 -476 507 781 -1084 944 1533 2091 -454 2844 2857 3919 384 4420 1734 4838 -798 3589 1186 3684 -644 -1860 1647 2169 572 -2928 3065 4232 1975 -3079 3450 5618 600 -572 1395 2758 -226 -860 820 1046 730 -745 2002 1606 335 -1264 2284 2064 456 -1892 1054 1951  
192 -92 324 379 67 -421 261 660 709 -805 1004 1135 1178 -1273 1476 1864 -527 2861 744 2990 1262 3957 2468 4320 -601 3811 2361 4675 470 1204 1229 2946 165 -419 1118 4189 698 780 3316 4965 -1816 910 3543 5015 392 1190 1335 3262 170 301 736 2451 392 -1141 709 2669 30 -1242 565 2712 41 -862 325 1955  
244 59 458 595 -250 115 764 884 -153 -398 474 580 -51 -162 307 211 244 895 1533 2212 -807 1263 1689 3294 -216 1149 1154 1694 110 167 634 762 559 -1183 1820 2443 2171 -136 3895 6885 -2018 3127 4631 5879 343 1868 2507 3318 -1 1567 347 2048 945 1180 1273 4148 6 -201 1154 5189 160 232 942 2935  
39 51 261 300 256 308 522 870 41 167 483 981 122 624 260 917 270 264 519 553 1337 1891 2056 2620 1468 3627 2237 4049 1458 2690 1608 3631 2436 1463 2818 1866 2302 5000 3451 5391 1263 4307 2111 4490 710 1507 1204 2807 2080 1859 2537 2491 242 170 1343 1545 341 -1238 1414 2221 -615 -1200 838 1443  
717 332 825 695 1073 961 2107 2324 -1556 737 2149 1575 -132 -328 819 1170 684 389 1067 1270 2193 785 3237 4463 -1138 2451 2744 4258 -1458 1175 1588 1461 2391 1548 2716 2611 2178 3926 3027 4859 -1391 2528 2248 2991 -2383 1083 2438 2658 1474 -1112 1590 1492 2169 -1662 2377 2166 -907 134 1905 1630 -1806 678 1855 2125  
42 47 391 846 -507 -6 1049 1375 -369 -193 775 644 441 -4 517 471 226 2208 991 2935 -635 4500 1930 4912 -1614 3975 2529 4134 1475 2612 1530 2908 738 1804 1104 3148 97 2496 1306 4513 195 4796 2102 5889 525 2661 788 3357 115 592 188 671 493 929 935 1500 7 459 994 2190 -46 375 332 1336  
12 -146 226 424 -92 386 643 1005 -277 -167 456 752 46 -45 255 295 413 -66 654 745 113 800 2024 3679 246 2091 1830 3530 -288 2218 1606 2590 581 1301 2131 2326 526 -991 2866 4761 2047 -1428 2943 7991 -474 -827 2597 5226 -766 -523 2120 2886 -457 328 1751 2409 1166 1457 1347 3849 648 905 966 2936  
-98 -566 270 586 -39 -236 371 415 -211 7 500 347 -110 -68 233 197 200 239 382 833 632 1360 1019 2043 -544 2612 2855 3669 646 466 1901 2743 -702 4139 3666 5121 -345 437 2869 6696 -1460 -875 4658 6043 -632 -105 1832 1838 -1420 -1234 1921 3044 -657 748 1764 2489 76 1310 537 2318 132 1440 337 1612  
-2 -1205 307 1257 -252 -1709 698 1851 -376 -1449 1122 1817 375 -208 952 1094 222 1436 594 2193 215 3570 1420 5054 -1074 1755 1501 2608 443 335 821 1696 2009 1345 2548 2749 -1912 2156 4139 4693 -563 621 4317 3796 485 1450 3241 4513 1007 1366 1968 2757 -1448 883 2739 3319 -1452 339 2059 1630 636 -950 1231 1599  
-33 121 411 354 963 680 1360 980 742 1798 1622 2685 -909 593 1235 1343 429 568 1156 1004 1355 1704 2436 3010 1124 576 3334 4232 -1750 81 2062 1509 2314 852 2756 2030 1958 4540 3184 5498 -1105 3523 3097 4173 -2327 1375 2404 2355 1604 -772 1694 844 2705 -882 2907 1295 -1217 80 2099 1100 -1615 -554 1668 1830  
581 270 763 761 42 -122 1427 1868 220 -689 1146 1717 1160 36 1746 1246 75 394 902 754 757 1275 2942 2771 284 3638 3430 5856 784 -241 2072 2246 457 -119 1217 797 2578 1881 6005 3381 -1492 -370 4933 4087 -239 -277 1785 1328 685 44 1213 610 1967 401 4601 2689 -1959 189 3053 1725 -225 -198 1078 676  
63 462 335 699 -856 596 1098 661 -51 14 341 106 466 187 494 484 374 2734 622 3038 -3089 3660 3380 4159 -147 2940 1230 3069 1618 1853 1731 2682 -36 449 550 2679 -1476 2703 2353 5032 522 5504 1800 5759 730 2887 858 3549 96 766 271 1160 686 1433 1211 2205 78 784 1146 2550 49 375 356 1588  
-187 106 436 660 158 -599 560 1291 385 -1330 497 1477 69 -902 618 1051 598 702 1280 913 614 3801 2235 4426 -1293 3701 1959 5280 -848 607 945 1251 822 1358 2017 1945 1889 452 4122 4127 -3176 -328 3927 3376 -125 730 2905 2632 -60 2603 1559 2753 -1330 2247 2931 3526 -2389 370 2609 2085 329 -496 1224 896  
-335 -391 1174 836 -558 136 1167 840 382 810 725 1105 626 996 1003 1141 560 1199 1368 1452 1142 5692 3232 5927 119 5410 2707 6079 1541 2366 2010 2939 3480 1758 3764 2025 1028 2150 2219 3019 -246 2090 1335 3016 89 1014 542 1288 1245 863 1412 1082 80 -3 377 312 203 317 506 556 -273 -22 398 294  
184 152 692 434 169 1023 1793 1685 -225 482 921 933 833 346 1258 776 1262 207 1647 1009 494 1745 4187 4097 -1264 2042 2481 2958 292 -717 1131 1231 222 2175 1238 2638 884 -925 3649 6452 -2151 -869 5127 6877 138 276 1681 984 -982 -897 1881 2368 -1017 -1084 1481 1981 631 -811 2770 2324 -230 -96 1305 833  
-696 481 1790 838 1133 762 2111 1913 1578 834 2456 2650 876 220 987 1084 283 1596 2889 2156 1915 2983 3057 4307 1197 3035 2437 4816 804 606 903 1088 -333 2095 1996 3772 -337 -658 4329 4799 1242 -2560 2013 4458 240 -1062 474 1630 -916 -1741 1105 2072 -959 -1614 1669 2253 335 -1554 1227 1954 41 -1688 409 1731  
-28 145 660 1551 44 548 725 1378 255 -29 860 805 199 210 737 760 547 1226 1370 2480 72 1949 1825 5208 414 4200 2906 5603 218 2988 806 3033 -65 -829 551 2928 162 -1527 1071 5022 703 -3007 1473 6513 265 -2417 522 5346 -205 22 309 1730 -59 34 344 2221 90 128 380 1746 -187 57 387 918  
137 -254 670 995 -671 -615 1470 2124 141 -535 1094 1201 109 19 609 1082 10 1485 714 2255 -1629 2849 2233 3606 1485 2383 2446 2982 962 2202 1222 3192 801 2448 1152 3197 -345 4747 2170 5615 1113 5498 1944 6103 546 2453 720 3002 252 793 353 838 230 824 961 1732 53 331 576 2063 -19 246 286 1308  
-220 -277 1471 2425 14 -269 1165 2571 373 44 1129 2451 -13 -321 868 1094 -1656 1582 3656 3935 942 2775 3646 4888 -874 1047 2387 3372 93 -653 1023 1365 1285 -229 3023 2391 -2434 -918 5812 4527 -1259 -2508 3131 4321 -745 -914 1012 1364 828 -322 1145 914 -1733 210 2560 1915 -1112 662 1285 1380 65 530 526 640  
350 -576 567 1397 -2942 -1419 3093 2806 -2251 -938 2569 1836 -282 -133 554 631 244 -2773 2002 2869 -2403 -1851 4244 4806 -1979 1839 2692 4039 -914 179 1146 1110 512 -2070 1502 2111 1759 -2402 3112 3435 -2547 -1354 4532 3495 -1288 -645 1542 1132 409 947 679 1581 12 -488 2035 2401 -1087 -1761 2163 1864 315 305 843 628  
116 618 332 634 279 135 302 198 -960 925 1244 1088 -1567 1929 2712 2747 515 -529 1282 4201 396 2150 2294 5442 -875 1359 1267 2443 -965 1226 1084 1365 1513 1390 2984 4771 -809 -1820 4836 7699 -364 -909 1975 2783 -47 207 1801 1254 -517 -1335 1504 2481 -134 -1069 787 1192 1194 411 2474 1327 -177 -197 1691 699  
247 507 335 707 64 666 506 940 278 -547 507 870 -79 -654 283 816 -193 1355 1251 2650 211 549 2395 3646 -281 3029 2568 4716 -519 790 1147 1466 316 -1283 1551 4282 704 230 2844 6894 -772 294 3897 7175 -648 1193 2073 3342 114 -149 222 760 420 -1106 654 2000 463 -1781 969 2998 341 -838 791 2550  
-1550 -1263 1945 2143 -668 -631 1334 1156 652 -860 1536 1148 436 -1029 3255 1498 -238 260 1026 3251 656 2298 1630 5032 -858 1804 1609 4267 424 -740 1813 3066 688 2282 1475 3148 -575 2941 2344 5391 -1119 1465 1542 4070 300 682 1917 1547 1522 -367 1788 2900 -1150 816 3167 4541 -1227 651 1911 2192 -476 282 1063 870  
-1065 -2491 1797 3738 -1045 -3175 2319 5006 -175 -1617 2390 3749 -143 1074 2319 3267 -1309 -356 2063 2034 489 -32 3186 3847 380 144 3768 4614 -254 -1971 3184 4865 -1399 694 2662 2522 221 285 2470 2081 151 503 1985 2637 -469 1373 1227 1775 -622 -441 1327 1194 273 380 904 918 490 332 873 933 -166 -134 907 978  
119 37 303 342 -139 236 357 585 62 277 258 568 65 162 194 417 642 1130 847 1342 1147 4431 3177 4992 -818 3063 1885 3520 -359 1503 838 1750 2474 1015 2817 2897 -252 -921 4386 6341 -1793 -467 3188 4561 -1229 -1122 1668 3205 -418 -353 1754 1723 -454 -2200 1967 2606 159 -1794 1784 2746 -460 -258 873 1874  
14 599 628 853 -123 1698 804 2138 216 1500 647 2059 -37 756 666 1035 335 910 2295 4443 975 1168 2213 8074 -2164 864 3774 6453 -455 377 1475 2674 26 1309 343 2647 -137 1209 583 4401 -752 844 920 5102 -312 927 433 3380 35 -4 41 284 -216 118 262 979 -219 547 276 2251 -5 562 211 1638  
197 -764 569 895 1975 -2220 2287 2594 -1100 -2372 2611 2934 1393 -970 2807 2174 -280 1707 1561 2502 1629 2011 2833 5042 -400 498 3916 3330 958 408 3007 2487 848 -478 2248 2635 -892 -2585 3006 4620 1057 -2455 3328 3229 -253 -971 2088 1699 223 -67 813 691 -649 1139 1485 2815 115 1099 1478 2672 97 -417 894 955  
-399 -1921 2498 2685 -2052 -1398 2504 2067 1965 -1330 3000 1902 696 -678 3437 1284 -150 -992 1950 3506 -200 1215 1704 4016 562 354 2333 3228 348 -702 2951 2540 1457 1427 1695 2703 -676 3597 2843 5733 -1658 1719 1889 2977 477 683 2468 1442 495 -21 1749 1692 32 -669 2504 3228 -1156 220 2435 1786 7 217 1209 1030  
-158 -231 1521 1338 -591 -135 1002 845 302 -1253 847 1591 -58 -837 563 958 36 367 1826 2106 612 1797 2604 3478 277 3658 770 5020 23 2521 251 3216 -339 1593 1137 3540 607 1525 1751 5794 522 -288 858 6532 409 -117 491 3769 -77 1678 167 2198 -258 2924 344 3231 -111 3115 344 3320 175 1803 255 1919  
-32 515 1196 944 1474 804 2053 2116 1526 906 1999 2770 547 218 570 620 202 958 2849 2272 2541 1524 3520 3605 1167 -429 2505 4624 -46 -1501 667 2153 1900 2612 2878 3133 -1464 1230 4025 5473 -2131 -2621 3450 3824 -375 -1835 1029 2192 -449 266 1307 1179 -2322 -1760 2534 2277 -667 -522 1312 1172 -162 -34 530 546  
85 -112 135 285 342 -240 447 745 1130 -894 1246 1654 121 -1472 859 1610 300 336 655 1135 815 1643 1354 2343 -310 569 1018 1511 -235 28 454 769 -23 2086 1322 4405 -1001 2593 2193 5683 1563 2334 3534 5915 -1105 1259 3204 5100 220 -1313 527 2234 384 -1916 1066 4490 629 -1531 1269 4875 -177 -934 1093 3341  
117 442 262 499 102 110 147 184 48 35 176 151 -627 828 774 958 220 -344 1142 4856 242 2436 2209 5783 -955 1654 1405 3130 -176 549 374 928 1802 1746 2857 4558 -1047 -1546 5450 7909 -1312 -1517 1728 2945 511 205 1693 1523 -761 -1312 2052 2957 -550 -1295 1057 1499 502 -104 604 453 54 163 2132 952  
-579 1515 1100 1560 -529 1577 1238 1746 437 1131 1520 1602 -451 120 923 948 -1072 1619 1572 2074 -3436 997 3953 3950 555 77 4493 3324 -1212 -14 2111 1598 -729 179 1185 2012 -1785 3459 2438 4759 -2080 3268 3678 4016 -485 1861 1539 2123 581 -1995 1157 2246 262 -2407 1260 2808 -1002 -897 2417 2974 255 423 1632 1211  
-54 533 1397 1140 214 1156 2056 2104 -516 1565 2313 2365 1471 1822 1777 2549 -523 2635 2410 2981 1218 2368 3309 4779 1642 4688 3492 5613 -327 1409 2468 2385 178 904 3067 2559 117 3060 3230 3696 1081 1002 1688 1589 -2108 26 2259 1335 1680 -1189 1864 1360 277 -9 829 812 -91 181 201 220 -374 381 420 540  
-169 -116 1141 1114 396 460 1134 968 -349 66 759 619 60 514 917 714 1170 2209 2019 2593 -558 3782 2424 5117 -1539 2860 3271 4339 -55 -462 1895 1503 1617 -490 3413 4278 -1988 -1691 3613 4787 -761 -1089 4224 4695 -714 983 2624 2099 163 -1394 1117 1818 57 -993 1222 1768 280 -493 1377 1504 525 724 1316 1235  
155 200 354 678 -47 -666 729 1297 162 -1169 909 1603 47 -596 513 972 -95 1715 1033 1932 269 3967 1419 4081 -761 4746 1344 5156 -703 1643 1211 2625 298 -572 2019 2948 1456 -1318 2557 5753 374 847 1601 4577 -3063 372 3174 2470 287 -917 1269 1266 609 -1546 2631 2479 588 -3009 1732 3127 -547 -676 1280 1494  
-406 -845 1379 1443 -621 -844 1504 1640 -80 180 901 1535 -602 -13 816 772 996 -1060 2558 1712 177 1769 3942 3790 172 2056 2139 3474 -686 2548 1639 3043 653 317 2146 1462 1565 -2441 3766 5346 2056 -1157 3819 6291 -1907 -1303 2865 4681 61 -235 567 624 334 -305 724 1206 45 -1834 1048 2131 -2 -795 826 1155  
-139 249 1626 2845 -636 1318 1122 1888 -99 246 235 323 36 16 76 46 695 -1075 1047 1928 976 -853 3339 6189 -799 2383 2864 4488 -453 871 602 884 810 2655 1065 3386 472 1271 2420 7193 -1114 -1818 2843 5973 -553 -534 1317 2615 -442 -1482 795 2330 -508 -1828 815 2117 -197 -763 384 852 10 -201 171 309  
-327 1075 776 1562 332 1149 1295 1655 -524 173 1828 1520 5 138 737 868 718 2323 1832 2731 -1884 4042 3681 4820 -690 3137 3229 4075 495 1986 1532 2163 1101 -2873 1374 3804 -800 -2858 1904 5523 -993 -1707 2586 5041 856 -354 1848 2392 100 -555 498 1278 318 -1548 755 1735 44 -997 735 1265 419 -1029 691 1083  
-647 -2986 766 3016 -1044 -3744 1188 3758 -382 -2534 636 2578 -177 -562 432 1245 160 119 980 2344 107 1737 1588 4321 1034 391 3258 3131 939 783 2294 3592 -1221 2559 2207 3083 -46 863 3550 4211 -1535 1391 3756 3431 337 -1573 2221 2388 -823 -1936 878 2325 -456 -1703 2213 2738 -421 -945 1291 1856 -97 448 768 1042  
235 51 358 634 -102 -193 648 1032 143 172 404 587 1181 377 1266 1735 224 1136 948 1529 1013 3060 1534 3503 176 4934 1255 5373 1308 1909 1644 2940 604 3280 1769 3383 1279 4615 2739 5254 1081 3679 2321 4852 -155 2689 985 2935 308 472 685 1101 -124 478 1027 2188 -90 -425 564 2032 -105 -461 249 1138  
-578 -427 2396 2217 -1017 615 3049 1955 0 215 1806 1337 -392 -638 784 1393 343 -298 1706 1946 1340 2007 4030 3712 -1578 2344 3244 4218 -1618 723 1674 1282 1992 2612 2618 2687 -952 2878 4634 4113 -2350 -1206 3251 2111 -833 250 1465 1737 1483 734 1725 1613 -1900 1653 2548 1810 -2703 1319 2851 2031 -473 -139 833 920  
303 878 870 1163 198 1567 686 1710 -172 1647 666 1718 379 745 708 1775 800 423 2024 1827 414 1688 2356 3781 -332 1928 2040 3347 -344 450 809 1723 875 -372 2575 2334 2879 -686 4203 6052 103 1331 3385 7484 -2076 1286 2392 2366 -311 215 1158 798 1583 -433 1823 1726 543 -1458 1488 2529 -491 58 2308 2133  
-152 -420 267 492 -218 -536 519 820 112 -606 584 797 -69 -605 321 657 -724 1166 862 1405 202 1258 1635 1947 -746 1002 1639 1995 -279 386 504 1134 -525 718 2057 4917 -980 3722 2857 5506 -1377 2368 2917 4792 -720 74 1061 3020 398 -1207 674 1857 728 -2483 1646 4778 161 -1179 2400 6461 -311 951 1335 4472  
-173 169 1659 2962 -798 1623 1336 2307 -253 467 337 493 3 47 85 75 743 -1223 1018 1869 1212 -1254 3371 6302 -783 2385 3042 4725 -722 1208 826 1269 860 2894 936 3107 813 2306 2015 6089 -966 -1569 2620 5317 -776 -771 1474 3041 -523 -1456 789 2239 -819 -2225 976 2560 -378 -1182 568 1309 -47 -290 228 435  
-954 -1986 1047 2123 -113 -1332 1031 1656 -75 -326 742 926 243 -49 796 1042 130 1535 991 2071 406 2615 1489 3656 1108 3302 2185 3981 732 2740 844 2833 415 764 1157 2586 874 219 2585 5902 559 -1415 2611 7461 -199 -2219 1032 5401 -284 -856 542 1765 -357 -1237 716 2265 -102 -906 669 2052 -139 -95 397 1007  
-42 -49 347 435 -233 144 525 713 182 -175 343 859 108 142 241 551 -454 1164 2402 3998 1051 2540 2756 6176 -679 3209 2836 7379 -442 691 1651 3015 35 1341 902 4218 433 1506 1000 5347 -575 643 1173 5377 -460 1263 724 2848 37 200 50 453 -77 371 139 725 -343 495 383 2028 -123 473 227 1955  
-577 -1 598 205 352 47 515 159 570 -75 600 385 223 -115 273 491 -1499 1584 1502 1866 1407 2015 1789 2380 668 2815 884 4586 -264 1954 412 2969 -983 3713 1152 3860 -237 5614 1906 6013 -123 2722 1191 5668 -123 1036 599 3755 -233 723 827 1541 -293 1485 1062 2790 -446 2077 999 3307 -300 1750 476 2020  
457 105 788 719 -376 -742 1286 1802 1332 -268 1722 1538 443 426 1606 1352 513 367 1372 750 691 3519 3705 5425 52 1714 3192 4369 1752 -194 2636 2261 2041 1429 2788 1835 -438 377 5660 4356 -1645 -481 3305 2265 1711 -695 2106 1610 2135 -256 2617 1410 -2013 -158 4105 1921 -802 -489 1750 1197 201 -344 905 845  
-545 -1027 1219 2087 -325 -2779 889 3068 -838 -2998 910 3037 -104 -1771 590 1786 -159 -93 804 1854 -507 1265 1186 3128 -281 2523 1482 3808 171 1997 1087 2896 29 -440 691 3886 -116 -1011 889 7024 -376 -1122 1027 6812 -150 -691 755 5049 7 399 417 1188 31 1262 381 2309 -15 1611 277 2272 -89 1240 245 1514  
-182 -930 553 1068 -353 -453 560 649 199 -316 680 843 252 -231 631 551 -487 2547 1853 4648 -845 1364 3311 4072 -421 677 1885 2734 367 569 860 1253 -1179 1296 1808 5886 -1078 2895 1817 6612 -592 2584 1245 5017 -375 912 800 3416 -238 642 304 2034 -146 1454 544 3395 -384 1986 545 3171 -269 1662 315 2445  
-63 83 295 266 137 -86 274 311 -595 607 685 770 -1576 2230 1690 2379 -385 432 519 3556 314 1802 1680 4892 -479 1291 1257 4255 -543 1290 1073 2295 -148 -830 266 1695 2136 374 6933 3469 -2277 -792 4389 2883 409 -137 3786 1613 271 110 380 212 513 545 6181 1696 -1636 -339 2081 568 668 -72 2818 540  
-1617 -656 2834 2675 -456 -740 2100 1661 -936 -207 1048 990 25 270 288 418 42 -598 1107 1208 -623 1697 1763 2652 -181 2322 1856 3196 815 992 1170 1460 2279 1614 2527 1941 1991 4796 3791 5187 -1568 5127 3243 5836 -56 3328 1515 3669 1409 1552 1502 1741 320 144 680 631 -62 171 390 678 -159 384 279 598  
-699 794 1054 1212 -505 1059 852 1342 328 511 805 944 195 355 978 978 588 1717 2038 2727 -1145 4286 2974 4400 -1652 1782 2799 3338 307 49 3027 1960 1522 1719 1987 2495 -1843 2398 2475 3387 -2804 3771 3969 5345 -555 1380 2714 2558 850 -1738 917 2164 -32 -947 910 2409 -371 168 1039 2454 -862 848 1512 1892  
233 320 913 1015 242 494 958 1478 -266 368 1101 1147 -136 -260 594 1713 1079 545 2130 2480 1236 3459 2720 6102 -1990 3752 2666 4674 -402 641 636 1362 1124 -835 2080 2050 2539 -2165 3133 5020 -721 -1474 3591 5196 -1482 986 2342 2226 242 420 759 648 563 -420 1192 1398 1169 -826 1663 2192 -1199 -587 2284 1497  
-173 -360 308 716 54 -853 381 1154 831 -1120 1035 1437 697 -1527 1151 1740 -493 1875 1076 2787 -491 2382 1260 4070 729 1692 1859 3229 411 1028 1743 2595 -20 -1076 664 4319 158 -984 982 7922 138 -1159 1422 8165 618 -949 1505 4897 -66 246 158 647 -202 24 345 1173 64 -346 223 1455 67 -388 159 1052  
-155 231 1362 1185 225 527 1552 1393 1921 2095 2561 2450 -429 967 2280 1298 -184 2538 2849 3397 1085 3765 2923 4405 2143 2572 2688 3288 -117 692 982 813 -1099 -657 1800 4067 -734 -2422 3033 5132 1451 -3239 1840 4737 -111 -2273 396 2576 -206 -1508 571 1526 -131 -1012 843 1274 -123 -1485 667 1549 -94 -1342 365 1371  
-542 -2092 588 2170 -472 -3254 712 3256 -548 -2401 791 2719 -64 -898 318 1119 162 1838 792 3163 -235 4305 1295 5484 286 2261 2685 4671 -808 1142 1497 2683 227 1362 421 1836 -426 57 909 3423 -2562 -392 4639 4238 -82 -565 1637 2216 -572 -2119 668 2215 -582 -2719 787 2930 -653 -1706 1131 2167 350 -454 715 996  
117 573 1836 1261 -387 861 2100 1450 1392 1177 1795 2020 803 799 1052 1616 427 -218 2516 1928 969 2233 4065 3634 1839 1822 3292 3753 516 -620 1408 2713 171 2957 3181 3062 1778 3001 3251 4167 -2420 -511 3893 4927 -984 -1443 1721 2005 -34 565 914 1320 -1730 -835 2175 1910 -1730 -1622 1880 1906 -173 -175 629 613  
-242 -649 623 844 -621 -1384 711 1533 -505 -958 744 1311 -185 -309 327 864 -209 588 649 1735 -171 2074 1077 2959 246 3252 2247 3792 -310 2366 1236 3747 -66 -469 643 4321 -240 -1313 1083 7926 -435 -1946 1331 7537 -215 -1170 741 5442 -156 -176 368 1311 32 40 375 1809 -29 347 266 1554 -18 325 154 775  
326 -323 769 418 243 -942 1158 1305 -503 -528 757 815 -7 -153 469 408 -31 566 813 1235 397 1198 1796 3586 -124 -293 2718 3235 84 -444 1483 1062 773 387 3762 4743 -1797 -89 4508 6838 -25 136 2487 4009 103 484 1471 1774 -793 426 1778 2043 641 2033 1758 4145 778 3392 1479 4565 564 2130 1022 3175  
-446 -425 866 598 262 521 2042 1771 -149 -510 1222 1381 211 261 1038 944 504 -753 1260 1053 352 1129 4716 3053 501 2212 2705 3434 178 699 3112 2839 1676 385 1737 752 1697 -678 6217 6666 -786 -1511 3106 6640 276 -631 1459 1866 639 622 1566 1114 -711 -1456 1994 1812 620 -422 1151 1074 229 -122 764 893  
-487 -1252 1075 2060 -885 -824 1103 1352 103 -588 1040 917 30 7 470 556 497 1690 781 2319 -55 3866 1413 4387 -129 2982 1936 3603 166 1718 651 2688 162 -497 878 3918 -283 -929 1533 5178 -366 1812 2520 5516 417 1735 720 4752 470 1920 630 3005 1128 3076 1262 3792 472 2612 563 2770 123 1437 184 1483  
-389 -466 559 696 50 -325 859 962 196 -69 698 880 69 65 426 625 3 2499 826 3134 -519 2507 2453 3913 144 2118 928 4882 -321 1219 741 3011 242 -35 955 3587 -61 3175 2039 6184 639 3771 830 7295 655 2616 980 3903 520 1744 568 1855 302 1833 337 1857 64 1533 173 1589 95 768 169 784  
-1962 -571 1972 620 473 486 1849 1810 166 681 1461 3385 -497 378 664 1032 -1789 -644 2432 953 1631 468 4504 3649 -353 -491 3090 3710 -719 -654 1742 1263 525 419 2690 1149 2723 3268 3777 4492 -4206 715 4610 4235 -431 -457 1399 901 1573 607 2286 764 622 310 2033 644 -3292 -884 3397 1142 -80 150 435 444  
-5 -361 238 459 637 -953 989 1437 793 -2269 1618 3220 -523 -1035 710 1600 1177 1689 1251 2127 184 4071 2752 5127 962 1915 2161 4535 191 1541 1177 2560 857 1673 1709 3763 -1188 750 3872 4688 100 1131 1968 5791 1 -155 890 3143 191 -1135 356 2091 -55 -1429 412 2837 -207 -780 407 3133 -181 -552 317 1853  
547 453 810 936 306 122 1543 2137 190 386 1487 1750 412 1371 1457 1402 477 165 1030 849 -734 901 2475 3787 1946 1251 2987 3885 1386 -615 2711 2514 640 504 1687 904 1837 2138 5808 5449 -1768 539 3995 4696 1743 -594 2444 2045 1945 562 2191 1080 -996 1096 4246 2544 -1247 -184 2334 1376 463 -179 1137 811  
-146 74 462 394 -244 531 726 1022 105 -292 522 1329 102 -738 385 897 -42 514 1147 786 1804 2351 3033 2769 -721 3780 2249 5421 -1496 1184 1557 2223 -273 3361 1755 3620 1766 2309 4354 4774 -1859 -755 3778 3524 -457 -315 2605 1956 590 1395 1819 1553 -1724 2210 2708 2820 -2605 483 2880 2609 -469 -202 1014 650  
-81 -588 564 852 -703 -517 1015 953 127 -528 871 791 114 -345 497 627 642 2146 738 2549 -268 4531 1396 4814 -194 3389 2319 3524 -54 2254 677 2399 183 340 749 3574 -946 -900 1452 4753 -1259 -593 4290 3577 302 -473 728 3810 184 -134 558 2194 913 1830 1307 3992 396 3606 972 4363 218 2450 282 2973  
-1140 -466 3248 1023 -604 295 1671 1662 586 125 1031 997 68 15 604 637 -1423 -828 3169 1981 -222 1458 4520 3595 707 2442 2586 3783 -196 1690 1772 2903 -898 155 1831 2491 1771 -14 4649 4811 22 -754 4044 5795 -679 -1361 2746 3227 -850 -453 1576 1151 552 -1189 1643 1737 -490 -797 1782 1741 352 -52 979 1615  
-422 -425 1584 1314 -759 -114 1066 867 162 -229 651 714 20 -576 419 718 354 347 1668 1757 -93 2111 2464 3366 89 3992 1038 4514 -12 2811 329 2988 -99 -546 2220 2054 1543 -1660 3338 3946 1120 -2137 1446 5614 202 -1032 250 3481 -241 2563 405 2892 -271 3636 739 4693 -18 2383 674 4286 124 1087 395 2473  
-412 -2736 548 2744 -1064 -3852 1169 3878 -511 -2579 771 2586 -78 -757 383 1191 -224 726 707 2738 624 1553 1932 3833 -680 1799 1974 4306 1514 125 2713 2442 323 2291 566 2602 -2447 2346 4337 4140 73 337 2924 3431 -879 82 2448 2081 -631 -2049 683 2129 -1399 -2577 1542 3183 221 -1383 1615 2182 -298 -191 675 790  
-295 362 455 786 44 717 693 1203 161 242 664 1108 260 -112 609 520 -645 2541 1064 2973 -562 2172 3937 3597 -90 2848 1061 4784 -159 1786 570 3628 -328 -1268 858 2768 -467 1275 2397 4772 483 1096 796 6400 495 1143 780 4470 615 2235 659 2405 277 3172 365 3221 50 3111 234 3160 130 1676 216 1692  
157 183 311 608 651 766 1001 1347 39 439 1137 1304 -63 1367 1245 1835 492 2413 668 3514 93 2612 1535 5216 1075 2525 2621 5909 117 375 2165 4686 -108 -1690 243 4065 -164 -2979 364 6044 12 -2881 409 5799 -95 -1930 310 3216 -104 111 124 485 18 219 95 667 120 220 142 671 -25 131 92 333  
189 -1339 238 1383 255 -2245 357 2253 198 -2443 284 2450 -57 -1612 287 1643 44 717 352 4906 222 1168 542 6707 16 1478 514 6001 43 1029 385 3327 -312 -1416 1028 3228 588 -2211 1462 4989 303 -1865 1207 4375 110 -857 511 2616 -358 1472 737 1683 407 2343 695 2740 343 2488 699 2625 312 1213 687 1344  
423 918 655 982 23 343 1136 1549 -216 -2 1166 2004 27 566 368 835 647 737 1399 2239 570 4381 2477 5078 -1310 2767 1998 3512 -260 135 542 1000 1421 -573 2247 3894 366 -2103 3068 6755 -763 18 3791 5595 -1780 671 2689 2400 539 -526 1058 1217 597 -1066 1283 1825 651 -1175 1392 2155 -988 -173 1901 1238  
197 636 688 862 -378 71 1368 996 197 -647 728 1007 -176 -451 520 522 -958 956 1447 1433 -125 2733 1972 3254 -1833 2169 2712 2659 -168 -256 538 585 414 2150 1444 2586 1867 4203 2653 4369 -5847 3151 7091 3821 -964 397 1080 560 1111 -383 1433 1282 618 -157 849 1168 -3093 861 3373 1303 -1324 1152 1337 1266  
-820 -312 1227 757 -157 635 724 947 912 1337 1203 1354 924 1333 1242 1358 46 1736 1577 2161 52 4132 2562 4974 2390 3077 3176 4380 2337 1937 2776 2345 2004 2979 2829 3255 -497 4234 2621 5220 251 3794 1619 4449 599 899 917 1194 457 181 746 474 86 80 344 464 -224 273 601 632 -120 -66 141 126  
-39 -801 511 973 -446 -428 770 1103 81 -184 816 1023 116 -29 470 537 347 2264 539 3426 -769 3040 1341 5141 -564 2123 2503 3939 -30 1431 668 2878 282 -23 537 4057 440 1570 1473 6221 -131 3713 1553 6512 279 2314 496 4618 228 1849 275 1946 400 2037 482 2078 59 1574 167 1606 -26 1016 112 1044  
65 -213 675 531 2342 594 2591 1108 -94 -272 4210 1078 2295 411 2521 487 964 500 1354 851 1895 1890 3297 4673 1411 772 4980 2775 3223 595 3288 664 1734 393 2255 671 1417 1139 4606 1536 562 -5 5337 1393 2870 23 2917 392 1459 -7 1639 213 146 -117 3521 326 352 -461 3441 677 2076 -103 2127 294  
-22 -143 351 462 515 -40 679 1060 -137 -257 912 1380 32 164 269 388 265 312 615 549 283 1125 1353 1871 725 2421 1323 2967 168 2810 647 3155 1547 2355 1887 2563 1512 5307 3079 5574 1370 4927 2900 5507 1035 2738 1734 3684 1940 1982 2501 2418 444 1602 1351 2082 177 1412 1245 2491 20 41 485 1600  
-42 1155 423 3112 -215 1650 563 4764 -323 2976 666 3850 -43 2020 196 2266 -363 170 428 1411 -911 -783 1026 5576 -773 -908 1003 7694 -267 -246 734 5668 -229 269 347 1201 -324 1550 614 4497 -127 2176 483 5077 162 1547 409 2936 -4 -255 57 291 41 -374 81 392 44 -336 81 430 -31 -195 68 225  
-237 87 516 876 -479 -571 701 926 601 -430 902 654 151 111 476 829 -1537 2471 1643 2960 -1632 2230 2326 2423 1413 2135 1497 2748 156 1304 326 2758 -562 1982 989 2952 -1031 6016 1764 6348 98 5247 1276 5970 -92 2871 401 3713 7 422 699 1281 -231 719 947 2005 -54 721 765 2153 -116 712 432 1488  
-29 -1168 452 1335 74 -1151 785 1616 333 -1730 540 2200 248 -1275 343 1904 205 2328 530 4567 -124 2796 943 5558 -160 1796 1098 3599 159 473 750 2389 108 -1900 543 4084 -756 -2898 1454 5042 -261 -2469 1415 3752 -431 -1123 1175 2715 148 279 604 890 260 1461 1043 2054 821 4037 1312 4549 -597 2601 1741 2980  
137 -180 693 725 30 211 688 1847 -716 -38 1083 1565 348 391 878 1505 692 1485 828 1949 374 2263 851 5139 -681 3486 1158 6380 548 1970 862 4164 -29 3140 597 3423 276 4148 717 5300 1 3805 493 5494 -77 2369 295 3417 -109 367 493 1094 -86 375 581 1658 -157 501 559 1676 -35 194 301 1030  
59 -827 842 1086 -543 -1261 1333 1830 -356 -606 1849 951 1458 -802 1817 2146 287 291 788 1518 -808 872 1479 3159 855 1760 1707 4127 283 263 826 2453 156 3828 606 3952 -237 5695 778 6067 -176 5228 903 6119 -522 3058 581 3577 -131 553 358 972 -202 714 365 1249 -92 783 303 1250 -168 606 227 858  
322 230 927 1181 -182 -538 1167 1881 1693 1039 2353 1683 -319 1110 1106 1222 265 460 1698 1468 84 3189 2682 5364 2171 -47 3592 3549 1098 583 2405 2612 1677 1245 3622 2155 -1235 72 4950 5051 -318 -594 2910 2557 2914 -1040 2980 2472 902 681 3008 1631 -1680 135 2810 1667 -272 -47 1734 994 897 -759 1272 1166  
311 253 1122 1138 282 527 1369 1646 47 636 1011 1435 -16 196 732 956 956 68 2011 1663 1207 1508 3341 4577 517 4248 2699 6258 -1320 1858 1520 2320 -951 162 2471 1918 2564 -1474 3512 3684 1742 -2448 2995 5817 -1449 21 3105 3096 -483 322 781 737 705 424 1212 1072 404 -764 1167 1658 344 -438 1865 1621  
173 -442 188 463 72 -761 340 785 -18 -259 327 377 -81 18 256 172 127 493 502 1112 368 1592 905 2113 483 1654 1064 2152 -378 1092 1368 1740 534 4003 2179 5538 -2977 3368 5460 6667 287 -130 2506 5546 -1263 -254 2980 3166 153 -1139 619 2971 -1654 -721 2121 3378 -129 1004 894 2015 -145 643 278 1255  
952 -193 1148 275 -1082 -185 3457 1061 -259 -157 586 371 66 136 184 174 968 -144 1190 286 -1270 886 6549 1984 -136 2170 1691 2580 106 1655 327 1723 253 -171 564 252 2639 152 6004 3322 64 425 1588 7838 229 -126 295 4942 -130 -92 241 181 1224 -606 4300 1111 -1027 -1426 2122 1951 35 -1173 124 1284  
120 -240 415 760 177 -1 845 2201 245 1278 507 2061 173 1065 356 1369 605 1070 1753 2155 1128 1562 2744 3301 891 1368 1793 3032 -343 778 1294 1398 526 443 1457 1427 1916 593 3747 3554 1623 2961 3336 5817 201 3556 1870 4775 -822 1967 1870 2278 304 -234 2724 2817 2020 -1613 2817 3881 352 -1327 1302 3035  
-51 117 300 342 148 -161 358 370 7 3 186 239 -335 285 367 389 -374 460 476 3748 470 2286 1685 5545 -540 1690 1246 5029 -2 922 540 2638 -38 -959 289 1788 2588 350 7090 3666 -2786 -957 4574 3280 1605 -721 1956 1851 444 164 598 303 634 481 5893 1574 -1839 -346 2195 606 1041 -199 1306 353  
-139 390 982 1048 20 1549 1380 2701 2 211 1206 1786 -172 -90 842 780 -1911 87 4329 3410 178 -1076 3209 5778 -739 -49 2048 3400 -333 36 1135 1720 -623 1655 870 2899 269 3644 914 5069 7 4052 983 5300 -15 2789 656 3590 -361 656 405 2999 -356 443 599 3331 -316 -288 500 2281 -285 -466 381 1634  
567 -45 918 471 494 -703 3561 2796 -932 -545 1430 1322 342 129 585 553 1348 973 2086 1358 -21 1941 2601 3881 794 2883 2362 3226 849 2858 1889 3037 2516 -199 3161 977 470 580 3907 3365 2371 1875 4820 3664 1039 2122 2029 2248 988 -347 1101 636 143 -1799 1675 2312 3553 -469 4284 2307 694 131 1083 1261  
35 243 422 635 -491 374 908 995 -158 145 597 652 -54 -221 411 542 77 981 1149 1576 310 2331 1386 2648 140 4752 1677 4860 -767 3369 824 3524 815 1265 2551 3051 694 3060 2010 5369 1169 2706 1645 4085 -239 2410 575 3104 -191 -1278 1338 1580 507 -3105 2542 3443 1362 -2817 2515 3525 484 -875 697 1427  
-325 388 1453 1506 -470 358 1134 1480 -104 -775 750 1228 329 524 647 1157 554 -755 2214 2291 -656 24 2734 2623 1668 2003 2749 3926 555 457 1811 3846 964 970 1746 2280 -318 430 3238 3895 754 -32 2697 4739 906 1646 1833 4591 -91 948 1362 2510 1102 3136 2274 4469 1510 3677 1835 4183 475 1354 578 1532  
-217 204 636 863 588 -168 1006 968 -119 94 1568 1574 124 534 618 1512 -877 3201 1272 3800 -547 4246 1466 6325 -163 3355 1553 5773 593 1961 825 5190 -238 1236 394 2288 -467 3054 630 4709 87 3654 467 4919 46 2284 198 2820 117 -288 121 288 103 -325 120 325 106 -111 116 152 38 -31 51 73  
-1826 1527 1973 1967 -817 604 1026 1318 -270 475 374 842 224 -130 331 769 -3599 1906 3950 2491 -1138 3509 3531 3942 -1338 2447 1904 2668 16 1077 585 1289 -1105 620 1373 1025 -1133 3873 2934 4106 -1334 5469 2222 5738 -852 3529 1432 3588 -5 -83 112 154 28 314 219 616 44 378 259 830 -217 858 427 1097  
708 826 776 1116 427 1764 2245 2526 -555 682 2054 1884 287 -625 869 2058 1541 -281 1680 1711 649 -458 2715 3814 -2165 1687 2844 3063 -691 549 945 1117 1411 1665 1681 2510 2448 4118 3457 5513 -1447 3542 2478 4098 -2023 1970 2266 2311 2035 -118 2146 1952 1079 196 1661 2253 -1470 831 1892 1908 -1811 156 1872 2078  
-71 50 94 122 -56 56 123 232 -37 -76 145 185 -74 -135 127 173 -663 2709 711 3516 -434 2653 825 4193 831 2841 1153 3368 510 2356 791 3124 -69 -876 953 5556 -234 791 1368 8259 488 1949 1195 5461 -132 1196 643 2591 77 -906 214 1041 195 -1968 455 2379 227 -2538 575 3140 258 -1847 439 2276  
-396 -161 541 497 -59 -153 573 477 239 -269 985 711 173 -284 509 562 -98 2193 684 2253 343 3184 2099 3388 204 2852 1694 3108 -202 1508 678 1584 -22 3033 1013 3158 -2053 2317 7001 3778 1591 2055 3181 4753 50 2082 572 3735 -400 -1556 458 1829 -2302 -1194 3214 2378 578 -1578 1637 2984 -21 -1187 430 2517  
-74 1732 379 2294 -1910 2435 2011 2779 -276 1448 1370 1526 537 958 572 1356 -53 1491 317 2768 -1197 3893 1934 5381 -460 6433 1643 6698 94 3323 685 3930 221 940 691 1524 -103 1199 1804 3484 -255 1138 1390 3236 -46 719 736 2279 -165 199 1109 1317 -170 40 904 1261 141 -125 1112 1983 -135 315 676 1298  
257 132 390 762 -51 -409 245 784 -298 -1195 386 1479 -419 -1277 492 1601 -299 -1388 639 2227 -248 -560 1332 4391 -733 553 2292 5744 1052 253 2411 4812 1230 1106 2045 3545 -596 -313 2633 6032 -2380 -1653 3770 5387 -14 -1488 2109 2623 -253 -1722 1630 2216 -809 -2333 1290 2786 -123 -1339 945 1633 -123 -147 323 448  
-9 -64 171 140 1657 -368 2487 540 -999 -129 3334 553 -149 -34 368 215 -216 1995 378 2172 1691 1966 2420 2817 -1268 580 5518 1527 -48 137 699 336 -236 -976 373 5727 -8 -1204 1252 9017 -2175 -337 5160 3895 -393 127 657 234 38 -681 133 744 -52 -987 451 1204 250 -307 3293 953 -380 -17 566 181  
-288 -1450 439 1509 -516 -2011 791 2030 -135 -1990 762 1999 560 -1252 893 1374 -99 128 664 1000 -255 977 1455 2445 -512 512 1038 2333 801 489 1163 1480 80 857 779 4463 -435 839 1534 7170 -207 1268 1161 9164 277 306 929 6041 -18 -640 160 1613 -114 -859 216 2428 -112 -799 253 2425 -100 -580 159 1558  
263 274 945 673 51 114 1095 1596 311 -658 2205 2112 -716 90 1592 1255 988 2123 1826 2356 419 5036 2710 5123 -698 2809 3853 4090 -656 1663 1930 2797 1387 2232 2172 2625 -1153 1376 3325 2875 -2915 -490 3987 2797 -1053 -1174 1454 1930 532 -224 664 926 -1315 353 2011 1548 -3336 -235 3355 1960 -245 -471 1148 921  
327 -98 967 924 242 -24 2075 2933 -848 -66 1874 1527 448 237 1144 1115 643 158 2061 1425 1049 2789 2858 5056 -2314 1176 2866 3185 843 -586 2764 2370 1465 -479 2998 1266 933 -877 6426 4285 -3849 -683 4062 2314 432 -439 1187 945 203 -130 720 442 1370 -785 3639 2551 -1066 1132 2623 2406 -401 776 1004 1227  
316 -479 609 724 253 179 870 1604 1096 337 2062 3094 -445 397 2788 3387 1009 594 1399 1412 566 1524 2811 3688 10 -617 3238 4701 2521 109 4250 4058 -291 131 1369 1952 275 -1676 2824 3921 -497 -190 3406 3186 2902 -1310 5407 4128 100 -482 1038 980 387 933 1436 1788 -59 50 1326 1321 -481 -367 1204 1169  
-810 -1612 1012 1899 2322 -3348 2677 3602 563 -4189 1207 4764 37 -1896 772 4135 -339 665 1660 2183 761 1549 3552 4897 186 -121 1864 3497 43 -838 1120 2487 -372 1233 1672 2809 1149 284 3384 3601 -1332 -203 2489 3189 -143 -875 904 1364 -717 2122 1811 2384 -776 381 2154 2023 -841 -654 1473 1272 -14 71 478 724  
-408 -67 1616 1315 457 788 1156 1057 -488 438 1008 887 -241 652 916 760 439 1784 1418 2185 -337 2563 1776 3543 -359 1294 1912 2582 -34 -196 1780 1497 889 1611 3936 4073 -894 327 3841 6319 -3359 1596 5787 5044 199 537 2231 1600 10 -1702 1411 2250 -385 -1208 1737 2148 -294 -905 1997 2220 716 686 1688 1357  
138 99 1441 2554 -496 1238 1159 1980 34 265 249 300 52 14 79 57 758 -788 959 1372 1108 -702 3104 5426 -524 2275 2686 4274 -425 721 564 731 844 2091 1374 4147 350 480 2658 8489 -920 -1835 2718 6325 -502 -449 1049 1924 -238 -1347 688 2111 -199 -1485 683 1788 41 -641 360 647 420 269 616 665  
272 35 1145 1481 26 1140 1533 3463 -393 2667 1757 3029 -160 913 1103 1278 -490 -558 1444 1517 1818 -1753 2536 4827 1060 -2439 3210 6915 -453 -329 2174 4330 50 2599 401 3086 239 3933 393 4431 377 2728 480 4945 -23 1704 244 2914 21 -34 27 276 42 -61 49 400 24 -57 54 397 16 -16 33 229  
-191 203 700 313 479 526 1038 776 525 1437 1299 2008 -536 629 1041 1206 295 454 1878 878 2298 3863 3162 4562 -1111 2886 3095 4082 -1357 33 2087 1237 15 -66 1670 685 5150 -453 5553 1952 -3158 -129 4244 2725 -1948 229 2171 1523 -357 124 754 369 2851 -1192 2884 1318 -1526 -337 3536 1855 -808 -8 1429 1640  
1632 -1103 1671 1117 -1842 -2338 3898 2873 1190 -1297 2692 1517 2236 -1041 3212 1507 269 474 686 2501 211 205 1851 4390 -452 741 1711 2337 4929 -1912 5290 2239 -650 518 881 1932 2215 157 2931 2330 -984 2384 3321 3899 2185 -331 3935 2032 -614 368 730 872 744 147 1777 803 618 -83 2294 935 -702 490 1213 733  
-45 635 541 724 -29 87 973 876 -202 527 769 952 -188 717 347 784 -1480 2183 1653 2319 493 3208 2497 3994 564 4603 1637 4792 818 3008 1332 3378 -293 -1114 1777 2603 9 -635 4099 3812 1479 -1856 3045 5310 537 -1516 1383 3090 -275 -996 1084 1639 -537 -2056 1585 2325 62 -1621 2812 2560 1048 -1206 2024 1818  
17 1105 988 1924 -16 264 1331 2004 -293 -138 1491 1389 278 -95 697 388 154 -765 2301 4124 -858 -64 2322 3825 -576 56 2059 2992 751 34 1484 940 168 2595 648 3607 -38 4479 1114 5886 -85 4791 1170 6151 286 3049 602 3778 -257 309 429 2353 -340 -284 542 2542 -477 -729 646 2846 -384 -882 452 2299  
306 1460 679 3774 28 2040 670 5651 -159 2653 621 4787 46 2118 351 2773 -39 488 125 1210 -971 21 1155 3509 -932 -715 1494 7962 -564 4 1007 6020 59 146 152 706 -484 781 765 2919 -22 1777 731 5149 40 1269 331 2796 -23 -269 62 315 -28 -457 116 514 27 -398 97 429 7 -233 67 304  
555 319 1243 924 965 1426 2452 2765 2547 2092 3157 3170 -471 537 1317 691 908 2343 2023 2658 1374 2753 3202 5102 2660 1002 3114 3538 -109 213 709 596 465 1381 3056 2967 1006 986 2720 4856 576 1158 1097 1823 -21 246 95 265 -893 -1499 1435 2259 1024 -2666 1608 2986 697 -3176 934 3348 -119 -2023 349 2156  
-184 -229 282 371 633 804 2522 1453 -344 561 2210 1225 1363 538 1871 841 -378 341 508 498 629 -675 4147 3438 5 -394 3218 2236 2284 726 2762 1073 499 -25 1198 899 711 2282 6635 6639 175 1630 4020 2845 2119 1080 2869 1275 1195 432 1389 820 -255 -935 4199 2571 1250 445 2381 1183 546 475 2502 999  
407 1281 1362 1447 297 688 1949 2346 306 -1146 1225 3892 -433 -520 1185 1864 602 827 2413 2249 -2423 1581 3211 3001 -968 960 1441 2182 60 81 639 1043 1615 -192 2204 2892 247 3571 3041 4709 -2488 4320 3313 4538 -359 1385 1557 1723 2021 1557 2042 2087 -10 1695 1472 2262 -2562 1206 2805 2723 -718 597 1659 1879  
-215 210 230 261 -1058 1282 1260 1701 -1042 1210 2233 3200 -1863 152 2787 2226 -429 1275 540 2632 -184 1953 1013 4298 -987 2619 1775 5096 -2238 2918 2897 4592 -1373 108 2863 2144 1200 -940 2428 3001 -1496 472 4618 3823 -177 32 2799 2362 -685 266 2802 779 -304 9 951 370 198 36 3706 1911 -324 215 1523 936  
-2309 27 2582 1858 190 -284 2167 4188 -1228 -677 2123 3270 954 -252 1416 1010 -2023 240 2911 2625 -2614 183 3249 3592 -671 -299 1720 2785 1801 -387 2169 1982 -1637 420 3415 2094 -2301 1519 4298 3269 -1436 1150 3251 2997 178 -538 1876 1375 -973 447 1323 849 -829 1823 2934 2241 -2597 1397 3382 2835 -69 254 1160 1085  
376 -376 1362 1219 -833 5 1469 1401 -49 502 622 1147 181 755 390 1237 367 921 1312 2245 40 282 2747 2953 1302 272 2130 4939 230 -117 644 3701 -206 1241 1160 3851 178 3685 1723 5900 726 3991 1205 7038 502 2512 694 4371 136 1544 327 2091 243 1869 417 2623 95 1399 271 1812 96 669 136 874  
-68 1418 1211 1523 -653 2331 1411 2536 734 442 1876 1440 -689 111 2037 1148 529 2045 1507 2202 -3045 2633 3906 3580 -462 3073 4009 4610 -411 999 2418 1919 365 -350 649 1873 -1252 999 1480 3453 -566 1953 2078 4059 -1254 1638 2161 2656 560 -2327 636 2357 288 -3380 1188 3752 -353 -2582 1048 2767 -405 -1453 913 1848  
175 -51 438 525 145 11 479 1833 -681 -159 912 1934 179 -84 1181 800 251 1409 410 2478 395 2436 759 5214 -507 3679 1022 6321 100 2746 622 3695 -127 2708 434 3425 357 3681 811 5455 -24 3080 513 5819 -84 2113 310 3751 -81 458 445 1334 -121 775 549 1866 -25 546 477 1985 -47 413 316 1285  
195 -241 493 1290 -679 -560 1173 1547 -607 -484 696 856 222 -209 394 312 -236 1000 454 1635 -112 1662 1278 2280 -1707 637 1947 906 216 -7 494 141 440 3233 886 3971 -556 5306 1451 6054 -3803 4111 4075 4570 563 2388 910 2509 123 382 415 2141 -218 579 588 3286 -789 3085 1629 4133 321 2676 621 2748  
-92 -222 692 956 -355 -259 805 1413 -424 -181 1476 1182 234 715 543 1078 277 254 686 1670 -731 767 1199 4127 510 1308 2367 3836 741 716 924 3609 352 2826 531 3525 360 4429 869 6900 120 4850 665 6731 -49 2629 381 4017 -34 1051 303 1508 -7 1288 376 2120 -29 979 334 1939 4 713 198 1247  
494 -215 991 831 882 -1100 2044 2071 1921 -495 2974 1754 -1005 -593 1740 1149 -107 297 984 1295 1420 482 2022 3367 2957 -857 3571 3131 -324 1164 3499 2315 801 374 1713 1880 -293 178 2798 5859 3879 -848 5051 4653 395 204 2959 1403 199 -491 712 1035 924 -533 1878 1595 2179 1704 2737 3231 919 437 1790 823  
-487 -340 779 946 -483 -458 1065 1239 1427 -1228 1904 1992 -38 -1167 1863 2783 78 642 1018 1609 -1513 1610 2327 2697 -200 1983 2264 4484 -220 -453 1187 2160 612 1596 2121 2752 -909 2933 4131 6520 -2436 -534 3981 4993 -674 361 1835 1969 635 -1269 1140 2237 -1120 -2649 2556 3399 -721 -387 1639 1832 -641 -465 923 953  
-127 1018 666 1608 432 1569 907 2351 1 588 1648 2323 275 164 1221 1247 -566 2320 879 4375 -972 2902 1459 6933 -448 3167 1564 6444 180 2479 925 3971 -196 1414 359 2438 -341 3129 550 4544 165 3273 473 4626 65 1940 248 2471 40 -193 61 194 -9 -216 76 255 29 -176 81 232 31 -68 50 112  
-48 35 144 196 -736 883 757 990 -1471 2280 1882 2912 -996 1546 1993 3205 -163 1075 501 2769 71 1758 1086 4244 -850 2072 1630 4305 -1067 2301 1972 3888 -1693 -563 2637 2202 2513 -1281 3820 3124 -1566 303 5301 2995 -230 151 3284 2285 -1285 -99 1556 310 1484 -436 1936 743 -687 186 5007 1413 306 -259 1769 860  
-872 -1475 1170 2079 -377 -1960 909 2042 -655 -2085 807 2324 -239 -1042 422 1492 371 990 666 2366 -362 2307 896 4719 -18 2655 1479 5416 -315 1590 960 4091 38 -733 564 2710 -225 -1492 739 5787 -217 -1458 617 5600 -135 -710 339 3416 -45 1715 427 1820 166 2973 438 3028 -5 3051 220 3055 -82 1970 243 1970  
-345 1116 932 1238 -451 1361 994 1549 624 871 1297 1208 -373 460 1119 1064 84 2157 1675 2284 -2949 2378 3733 3916 625 182 3776 2675 -1056 -167 3015 1876 -53 651 750 1936 -2714 2566 3167 4329 -1510 4334 3464 5096 -367 1731 1943 2174 742 -2046 827 2274 -378 -1781 1174 2775 -151 -1370 1427 3095 -469 -64 1672 1637  
-1199 -824 1835 1602 944 -755 1442 1469 3844 -2882 4491 3347 111 -30 2061 1557 563 151 1331 2158 -213 2422 2465 3604 2475 -640 4318 4113 2635 -2394 4350 3370 397 174 1193 1213 2261 -232 3362 2633 -1771 1882 2576 2408 1584 -1332 2601 2476 -486 376 695 697 989 -673 1502 1194 362 -700 1645 1633 -597 292 783 683  
237 -1619 291 2066 376 -2332 444 2869 -678 -2346 1013 2634 -243 -635 1910 1095 313 2097 651 3568 806 3324 1354 4826 -51 3643 1264 5013 -470 2687 670 3175 407 3327 614 3472 125 4461 703 4791 56 3896 639 4164 -404 2709 481 2795 -47 89 85 207 -60 32 78 184 14 29 71 156 29 82 83 212  
-1188 -506 1550 1170 -221 67 773 372 98 206 716 624 -179 286 488 504 -849 -47 2140 1168 657 1636 2069 2186 -503 1135 1743 1728 966 1212 1908 1327 -106 -157 1649 840 3753 2612 4760 3309 -1656 6039 3995 6164 269 1835 2857 2845 236 123 704 415 4230 1021 4281 1184 -177 951 2454 1255 -1487 664 1750 1405  
-72 -248 111 318 -8 -327 142 457 -129 -371 143 556 4 -195 56 335 172 1864 349 3333 111 2682 496 5622 32 2271 431 6475 100 1376 249 4195 1159 -878 2050 3759 -1213 -809 3594 7206 -493 -1349 2697 5293 -357 -1004 993 2701 244 -485 835 1086 -219 -1242 1212 1968 41 -382 941 1113 -395 -397 522 714  
-1681 1368 1779 2344 -2700 49 3182 1914 -575 78 970 1149 -102 207 278 425 -3570 -1855 3844 3252 -2792 1246 3620 4425 -1391 962 1728 2250 -398 -468 802 815 -426 -1784 2943 2903 -841 798 4050 4127 -3921 -437 4310 2516 455 251 1218 871 430 -881 974 1551 -32 -2075 2722 2593 -1717 -802 2569 1199 902 455 998 562  
